0 0.482292 0.420370 0.036458 0.094444
0 0.379427 0.425926 0.025521 0.085185
3 0.372917 0.447685 0.037500 0.062037
2 0.722656 0.396759 0.050521 0.056481
5 0.464323 0.361111 0.177604 0.179630
3 0.481250 0.431944 0.037500 0.078704
0 0.431771 0.394907 0.030208 0.054630
2 0.789844 0.406019 0.071354 0.063889
0 0.685156 0.459722 0.043229 0.143519
0 0.240104 0.453241 0.048958 0.147222
3 0.435156 0.449074 0.034896 0.077778
3 0.687500 0.502315 0.038542 0.102778
3 0.234635 0.556019 0.105729 0.147222
10 0.582552 0.418056 0.066146 0.113889
