2 0.601823 0.530093 0.0328125 0.100926
3 0.476823 0.549537 0.0619792 0.141667
3 0.561719 0.499074 0.0203125 0.0740741
0 0.561719 0.499074 0.0203125 0.0740741
2 0.399479 0.4625 0.0291667 0.0398148
0 0.214062 0.493519 0.0208333 0.103704
3 0.315625 0.513426 0.0510417 0.0657407
2 0.474219 0.530093 0.0911458 0.150926
3 0.136719 0.85787 0.160938 0.265741
0 0.05 0.609722 0.0989583 0.386111
3 0.470313 0.576852 0.0322917 0.0907407
3 0.390365 0.570833 0.0338542 0.0953704
0 0.253646 0.527315 0.0385417 0.163889
3 0.0442708 0.770833 0.0885417 0.262037
0 0.165885 0.701389 0.171354 0.558333
0 0.391146 0.533796 0.0364583 0.139815
7 0.275 0.435185 0.153125 0.168519
3 0.250781 0.579167 0.0369792 0.10463
0 0.63776 0.611574 0.0973958 0.287963
3 0.633594 0.726389 0.0880208 0.237963
