3 0.283073 0.537963 0.027604 0.057407
0 0.458594 0.534722 0.025521 0.087963
3 0.424219 0.554167 0.023438 0.065741
0 0.625521 0.541667 0.030208 0.109259
8 0.656771 0.424074 0.019792 0.046296
0 0.329688 0.530093 0.017708 0.078704
0 0.337240 0.529167 0.019271 0.080556
3 0.660677 0.559259 0.021354 0.057407
0 0.661458 0.537500 0.023958 0.089815
6 0.591406 0.517593 0.055729 0.107407
0 0.311198 0.526389 0.019271 0.076852
6 0.211979 0.539352 0.112500 0.145370
3 0.623437 0.571759 0.025000 0.065741
3 0.457813 0.565741 0.023958 0.068519
2 0.382812 0.530556 0.055208 0.075926
7 0.866146 0.500463 0.266667 0.999074
2 0.534635 0.560185 0.088021 0.146296
