0 0.29375 0.478241 0.0239583 0.0898148
0 0.371094 0.473611 0.0192708 0.0694444
2 0.941406 0.609722 0.117188 0.241667
0 0.0408854 0.487963 0.0390625 0.107407
3 0.370833 0.476852 0.01875 0.0648148
3 0.29401 0.483333 0.0244792 0.0851852
3 0.0393229 0.51713 0.0515625 0.075
2 0.457031 0.472685 0.0276042 0.0675926
6 0.765625 0.421296 0.09375 0.131481
6 0.1 0.451389 0.0875 0.112037
0 0.327604 0.489815 0.03125 0.109259
3 0.327604 0.522222 0.0302083 0.0740741
0 0.227083 0.676852 0.188542 0.537037
2 0.422917 0.481019 0.0583333 0.0990741
0 0.679688 0.583796 0.0947917 0.297222
3 0.217969 0.827315 0.145313 0.339815
3 0.677604 0.696296 0.090625 0.212963
2 0.526042 0.534722 0.114583 0.187963
