0 0.253125 0.462963 0.019792 0.107407
0 0.011458 0.490741 0.021875 0.198148
3 0.211458 0.490741 0.027083 0.061111
5 0.655208 0.431481 0.043750 0.185185
0 0.427865 0.468519 0.019271 0.085185
3 0.138021 0.522222 0.045833 0.124074
0 0.139583 0.471296 0.042708 0.153704
0 0.185156 0.464815 0.021354 0.109259
0 0.236979 0.468056 0.028125 0.125000
2 0.725000 0.493981 0.090625 0.130556
2 0.347396 0.501852 0.122917 0.170370
7 0.538021 0.425926 0.201042 0.453704
9 0.697656 0.328704 0.006771 0.046296
9 0.583594 0.182870 0.031771 0.019444
8 0.173437 0.328241 0.021875 0.052778
3 0.274740 0.470833 0.024479 0.056481
