0 0.341667 0.479167 0.021875 0.0935185
2 0.457812 0.426389 0.0510417 0.0453704
10 0.483854 0.516204 0.0604167 0.178704
2 0.386719 0.425 0.0484375 0.0462963
2 0.378646 0.457407 0.034375 0.0574074
0 0.434896 0.481019 0.028125 0.0953704
0 0.484375 0.517593 0.05625 0.175926
0 0.355729 0.491667 0.03125 0.105556
5 0.315104 0.425 0.0947917 0.172222
3 0.434375 0.496759 0.025 0.0731481
0 0.397135 0.495833 0.0296875 0.113889
0 0.0953125 0.52963 0.0322917 0.142593
3 0.486979 0.578241 0.0447917 0.136111
3 0.397135 0.526852 0.0276042 0.0777778
3 0.355469 0.517593 0.0307292 0.0740741
2 0.0497396 0.728704 0.0994792 0.538889
2 0.215885 0.600926 0.232812 0.357407
2 0.611198 0.601852 0.226562 0.357407
