10 0.241406 0.534259 0.0588542 0.122222
0 0.191667 0.581019 0.0572917 0.0935185
3 0.192448 0.584722 0.0578125 0.0898148
0 0.433594 0.520833 0.0171875 0.0935185
3 0.0197917 0.6375 0.0395833 0.132407
0 0.0145833 0.576389 0.0291667 0.178704
10 0.310156 0.532407 0.0703125 0.125926
0 0.290365 0.541204 0.0265625 0.117593
1 0.190625 0.587963 0.0541667 0.0851852
0 0.96875 0.487963 0.0260417 0.101852
7 0.796875 0.411111 0.311458 0.811111
0 0.191927 0.533333 0.0453125 0.153704
3 0.969792 0.515278 0.025 0.0638889
6 0.103125 0.537037 0.1625 0.175926
3 0.402083 0.569444 0.0322917 0.0814815
10 0.483333 0.517593 0.0458333 0.127778
0 0.402865 0.526852 0.0369792 0.125926
10 0.554948 0.551389 0.116146 0.249074
