0 0.014323 0.465741 0.025521 0.092593
3 0.013281 0.483796 0.025521 0.069444
0 0.203646 0.462500 0.022917 0.084259
3 0.686458 0.460185 0.018750 0.059259
2 0.421094 0.550000 0.281771 0.548148
3 0.247396 0.525463 0.038542 0.104630
10 0.766406 0.453704 0.057813 0.107407
0 0.249219 0.478241 0.041146 0.167593
8 0.116406 0.310185 0.046354 0.092593
2 0.919271 0.625000 0.159375 0.446296
2 0.593229 0.466667 0.084375 0.140741
8 0.626302 0.337500 0.026562 0.037963
9 0.857812 0.184259 0.021875 0.164815
9 0.620833 0.187037 0.015625 0.100000
