2 0.298438 0.474074 0.038542 0.046296
2 0.947396 0.431944 0.043750 0.049074
2 0.589583 0.403241 0.033333 0.049074
2 0.242188 0.487500 0.038542 0.041667
0 0.389844 0.484259 0.025521 0.100000
0 0.531510 0.441204 0.017188 0.087963
0 0.810156 0.538889 0.081771 0.151852
0 0.432292 0.479630 0.026042 0.124074
2 0.858073 0.439352 0.058854 0.054630
2 0.211719 0.496759 0.067187 0.045370
2 0.776302 0.473611 0.053646 0.091667
3 0.811979 0.739815 0.075000 0.216667
2 0.133594 0.499074 0.052604 0.050000
2 0.605469 0.462500 0.038021 0.063889
23 0.389323 0.759259 0.771354 0.072222
23 0.483594 0.559259 0.439063 0.024074
8 0.307552 0.388889 0.020313 0.042593
