10 0.660677 0.463426 0.045312 0.084259
0 0.287240 0.456481 0.020313 0.101852
3 0.938802 0.519444 0.029687 0.094444
10 0.987240 0.532407 0.025521 0.214815
0 0.022396 0.495370 0.041667 0.200000
3 0.607031 0.677778 0.044271 0.188889
0 0.503906 0.465741 0.050521 0.109259
5 0.826823 0.447222 0.131771 0.257407
0 0.610677 0.494907 0.075521 0.158333
3 0.506250 0.587500 0.055208 0.136111
8 0.415625 0.344907 0.040625 0.058333
9 0.535937 0.338426 0.011458 0.063889
9 0.670573 0.218056 0.034896 0.019444
9 0.774479 0.198611 0.035417 0.021296
5 0.735677 0.435185 0.044271 0.168519
