0 0.323437 0.523148 0.029167 0.051852
2 0.015625 0.534722 0.030208 0.160185
3 0.389062 0.593519 0.028125 0.081481
0 0.520833 0.518519 0.028125 0.046296
0 0.418750 0.528241 0.048958 0.082407
3 0.519792 0.576389 0.023958 0.071296
3 0.464844 0.563426 0.025521 0.073148
3 0.578906 0.577315 0.025521 0.075000
3 0.324740 0.584259 0.032813 0.081481
0 0.035156 0.543519 0.035937 0.175926
3 0.110417 0.613889 0.040625 0.112963
3 0.418229 0.625000 0.043750 0.114815
5 0.635156 0.480556 0.107813 0.235185
0 0.112240 0.508333 0.041146 0.098148
3 0.792448 0.633796 0.044271 0.115741
0 0.792969 0.532407 0.047396 0.085185
10 0.227083 0.554630 0.135417 0.264815
9 0.618750 0.056944 0.060417 0.028704
23 0.499219 0.736574 0.997396 0.062037
9 0.794792 0.324537 0.018750 0.069444
