2 0.893750 0.451389 0.051042 0.078704
2 0.595833 0.479630 0.056250 0.111111
3 0.304948 0.525463 0.031771 0.047222
0 0.304948 0.468519 0.028646 0.064815
0 0.435937 0.468519 0.037500 0.087037
3 0.338281 0.503241 0.044271 0.080556
3 0.833333 0.525463 0.031250 0.075000
0 0.830990 0.454630 0.032813 0.064815
20 0.772135 0.475000 0.080729 0.111111
10 0.523698 0.499537 0.085938 0.193519
0 0.388542 0.500463 0.045833 0.141667
3 0.396094 0.655556 0.057813 0.150000
2 0.645052 0.506944 0.110937 0.156481
2 0.162240 0.501389 0.088021 0.117593
