2 0.980729 0.505093 0.038542 0.084259
0 0.673958 0.549074 0.069792 0.192593
0 0.077344 0.512963 0.082812 0.142593
3 0.072396 0.688889 0.109375 0.218519
0 0.868490 0.506019 0.036979 0.082407
2 0.792188 0.525000 0.106250 0.168519
2 0.413802 0.710648 0.594271 0.578704
24 0.950781 0.700000 0.028646 0.220370
24 0.904948 0.687963 0.028646 0.220370
24 0.884115 0.690741 0.028646 0.220370
24 0.835156 0.692593 0.028646 0.220370
24 0.807552 0.687963 0.028646 0.220370
24 0.761719 0.679630 0.028646 0.220370
24 0.737240 0.685185 0.028646 0.220370
