5 0.494531 0.431019 0.141146 0.167593
2 0.038542 0.518519 0.076042 0.140741
6 0.676823 0.378704 0.147396 0.181481
2 0.947656 0.478704 0.034896 0.055556
2 0.978125 0.490278 0.043750 0.067593
3 0.402083 0.735185 0.104167 0.244444
2 0.882552 0.496759 0.059896 0.089815
0 0.398958 0.521296 0.087500 0.181481
0 0.150781 0.523148 0.066146 0.131481
10 0.284896 0.612500 0.175000 0.404630
3 0.150260 0.693056 0.076563 0.180556
2 0.814583 0.545370 0.109375 0.175926
2 0.658594 0.682407 0.302604 0.475926
24 0.875000 0.632407 0.021875 0.187037
24 0.898177 0.642593 0.018229 0.187037
24 0.922135 0.650000 0.020313 0.196296
