3 0.683438 0.515278 0.034375 0.073148
0 0.903438 0.496759 0.040625 0.087963
0 0.741563 0.481481 0.053125 0.068519
3 0.738125 0.592130 0.060000 0.149074
3 0.361250 0.568056 0.036250 0.108333
0 0.638437 0.487500 0.048125 0.060185
6 0.407187 0.491667 0.089375 0.138889
0 0.817813 0.501389 0.090625 0.093519
3 0.644375 0.577315 0.056250 0.126852
3 0.816562 0.683796 0.105625 0.254630
6 0.527188 0.544444 0.134375 0.244444
10 0.248438 0.658796 0.219375 0.417593
2 0.094062 0.556481 0.103125 0.190741
8 0.034063 0.363426 0.024375 0.067593
