6 0.80625 0.518981 0.21625 0.276852
0 0.184375 0.500926 0.02625 0.0351852
2 0.970312 0.550926 0.058125 0.146296
0 0.425938 0.493056 0.036875 0.0398148
3 0.18375 0.534722 0.02375 0.0583333
3 0.883125 0.644907 0.1025 0.128704
0 0.86875 0.595833 0.05125 0.210185
0 0.600312 0.51713 0.084375 0.0953704
0 0.341875 0.543981 0.1175 0.139815
3 0.64875 0.560648 0.03875 0.0990741
3 0.973437 0.696296 0.053125 0.22037
0 0.807813 0.580556 0.044375 0.211111
3 0.425938 0.554167 0.036875 0.0861111
3 0.343125 0.761574 0.12 0.313889
3 0.602813 0.669444 0.089375 0.211111
10 0.506562 0.54213 0.090625 0.158333
