3 0.882812 0.521759 0.019375 0.049074
3 0.429688 0.568981 0.106875 0.097222
2 0.398750 0.482407 0.022500 0.024074
25 0.442500 0.899074 0.883750 0.188889
3 0.505000 0.506481 0.017500 0.037037
0 0.924687 0.509722 0.021875 0.023148
3 0.924375 0.567593 0.032500 0.066667
7 0.035625 0.482870 0.070000 0.099074
3 0.541250 0.518056 0.023750 0.052778
0 0.424063 0.491204 0.040625 0.049074
3 0.426563 0.572685 0.101875 0.093519
0 0.218750 0.505556 0.022500 0.090741
0 0.106875 0.511574 0.056250 0.056481
0 0.328750 0.581944 0.050000 0.250926
10 0.656250 0.537037 0.087500 0.137037
8 0.231875 0.418981 0.023750 0.039815
3 0.093438 0.634722 0.105625 0.156481
