0 0.551562 0.590278 0.015625 0.0472222
0 0.851562 0.631481 0.146875 0.222222
3 0.666927 0.598148 0.0171875 0.0462963
3 0.560938 0.590278 0.015625 0.0490741
3 0.0380208 0.635185 0.028125 0.0648148
0 0.513281 0.580556 0.0130208 0.0444444
0 0.811198 0.690278 0.0786458 0.262037
3 0.721875 0.613426 0.0322917 0.0657407
2 0.261198 0.615278 0.0401042 0.0935185
6 0.860937 0.621296 0.1375 0.227778
0 0.541146 0.585185 0.0114583 0.0537037
2 0.626562 0.601389 0.0583333 0.0898148
0 0.591667 0.62963 0.04375 0.144444
7 0.385677 0.50463 0.216146 0.668519
0 0.235677 0.616667 0.0203125 0.112963
3 0.956771 0.651852 0.0791667 0.12963
0 0.207552 0.629167 0.0276042 0.130556
3 0.591667 0.678704 0.0416667 0.127778
3 0.815885 0.788426 0.124479 0.258333
2 0.115885 0.632407 0.139062 0.109259
