2 0.411458 0.594907 0.0479167 0.0731481
0 0.43151 0.609259 0.0244792 0.0759259
3 0.515885 0.608796 0.0171875 0.0638889
24 0.35 0.64213 0.015625 0.0527778
3 0.502604 0.601389 0.0166667 0.0546296
2 0.146615 0.587963 0.0421875 0.0462963
0 0.610937 0.592593 0.015625 0.0703704
0 0.758854 0.618056 0.0197917 0.0694444
2 0.447917 0.586574 0.0364583 0.0694444
0 0.54349 0.593056 0.0161458 0.0601852
0 0.577344 0.596296 0.0161458 0.0648148
24 0.319531 0.657407 0.0213542 0.0666667
24 0.0252604 0.817593 0.0463542 0.162963
24 0.186979 0.726389 0.0354167 0.119444
3 0.43125 0.624074 0.025 0.0592593
24 0.267969 0.686111 0.0276042 0.0888889
2 0.403906 0.585185 0.0348958 0.0462963
0 0.944531 0.792593 0.109896 0.414815
2 0.0666667 0.641204 0.133333 0.147222
