0 0.036562 0.522685 0.044375 0.175000
3 0.382812 0.512037 0.028125 0.088889
0 0.830000 0.485648 0.030000 0.087963
0 0.895938 0.519907 0.040625 0.117593
5 0.475938 0.411574 0.144375 0.112037
2 0.287187 0.541667 0.051875 0.122222
0 0.229375 0.506019 0.081250 0.086111
2 0.044687 0.713889 0.088125 0.572222
3 0.233125 0.649074 0.090000 0.196296
2 0.941250 0.643056 0.117500 0.289815
2 0.784375 0.585185 0.197500 0.211111
2 0.630625 0.527315 0.108750 0.147222
2 0.521250 0.623611 0.222500 0.280556
9 0.085312 0.225926 0.028125 0.127778
25 0.335938 0.648611 0.123125 0.076852
