3 0.696250 0.502778 0.025000 0.070370
8 0.324375 0.390741 0.043750 0.066667
0 0.589063 0.482870 0.035625 0.032407
3 0.655000 0.493981 0.020000 0.054630
3 0.140313 0.556481 0.028125 0.046296
3 0.590000 0.528241 0.035000 0.075000
3 0.093750 0.531944 0.031250 0.062037
0 0.144375 0.502778 0.035000 0.038889
2 0.757500 0.476389 0.046250 0.045370
2 0.284375 0.513889 0.048750 0.070370
3 0.802188 0.524074 0.043125 0.057407
6 0.897500 0.486574 0.205000 0.247222
0 0.240625 0.540278 0.053750 0.215741
2 0.481563 0.500463 0.054375 0.069444
2 0.196563 0.512963 0.038125 0.072222
