2 0.343125 0.473148 0.03 0.0425926
6 0.76875 0.574074 0.19 0.383333
6 0.76 0.537963 0.09875 0.15
0 0.910312 0.510648 0.051875 0.0972222
0 0.0959375 0.465741 0.035625 0.0425926
0 0.757812 0.537963 0.068125 0.0833333
10 0.0215625 0.478241 0.043125 0.075
2 0.440937 0.497685 0.038125 0.0583333
0 0.467187 0.5 0.073125 0.0814815
5 0.943125 0.489815 0.11375 0.201852
3 0.09625 0.509259 0.0375 0.062963
3 0.915313 0.61713 0.045625 0.137963
2 0.51625 0.536574 0.07375 0.136111
6 0.758438 0.609722 0.309375 0.613889
2 0.15375 0.48287 0.0475 0.0601852
2 0.589688 0.528704 0.051875 0.118519
3 0.461875 0.643981 0.07625 0.208333
2 0.224063 0.510648 0.121875 0.126852
