2 0.608073 0.497222 0.052604 0.101852
8 0.826562 0.395833 0.028125 0.043519
6 0.505729 0.521759 0.159375 0.299074
0 0.671354 0.480556 0.019792 0.064815
0 0.297656 0.501852 0.043229 0.124074
0 0.722135 0.485648 0.048438 0.110185
0 0.414844 0.495370 0.024479 0.096296
8 0.884375 0.362963 0.043750 0.075926
3 0.725781 0.584722 0.053646 0.123148
3 0.296875 0.619907 0.046875 0.128704
6 0.140365 0.580556 0.277604 0.662963
0 0.565104 0.550926 0.105208 0.201852
3 0.561979 0.732870 0.103125 0.250926
2 0.907552 0.699537 0.183854 0.482407
