3 0.844010 0.529630 0.021354 0.066667
6 0.964063 0.547222 0.071875 0.181481
3 0.357552 0.601852 0.033854 0.092593
0 0.115104 0.600000 0.036458 0.192593
0 0.356510 0.529167 0.033854 0.069444
0 0.393750 0.533796 0.056250 0.117593
3 0.655990 0.611111 0.039062 0.101852
0 0.148958 0.594907 0.035417 0.199074
0 0.288802 0.535648 0.043229 0.112037
0 0.221615 0.530556 0.089063 0.150000
0 0.600521 0.516204 0.033333 0.075000
3 0.602865 0.588889 0.032813 0.085185
0 0.655990 0.517130 0.044271 0.108333
0 0.804167 0.568519 0.042708 0.194444
10 0.034635 0.694907 0.068229 0.502778
2 0.460677 0.494907 0.047396 0.073148
3 0.229687 0.679167 0.075000 0.180556
3 0.393490 0.641204 0.051562 0.136111
3 0.292708 0.625926 0.037500 0.111111
2 0.526823 0.551389 0.081771 0.134259
