2 0.896615 0.441667 0.051562 0.033333
5 0.471615 0.418519 0.041146 0.070370
0 0.382292 0.439815 0.013542 0.046296
3 0.301302 0.497685 0.025521 0.065741
0 0.302604 0.478241 0.026042 0.095370
3 0.357812 0.493981 0.028125 0.065741
0 0.358594 0.474074 0.027604 0.100000
6 0.027344 0.463889 0.053646 0.159259
0 0.098958 0.507870 0.048958 0.176852
0 0.159115 0.550926 0.080729 0.274074
3 0.096615 0.563889 0.047396 0.118519
7 0.251563 0.430556 0.076042 0.135185
3 0.153646 0.648148 0.073958 0.205556
2 0.923438 0.584259 0.153125 0.285185
7 0.590104 0.422222 0.093750 0.214815
2 0.496354 0.493981 0.067708 0.119444
