3 0.534635 0.659722 0.075521 0.087963
23 0.302865 0.651852 0.190104 0.053704
3 0.564583 0.478704 0.021875 0.075926
0 0.325000 0.465741 0.023958 0.083333
23 0.523958 0.664815 0.082292 0.059259
0 0.487500 0.496759 0.044792 0.171296
23 0.815885 0.670833 0.338021 0.052778
0 0.564583 0.474074 0.021875 0.081481
5 0.609115 0.431481 0.280729 0.135185
0 0.212760 0.449537 0.022396 0.093519
0 0.186198 0.527315 0.067187 0.252778
2 0.375000 0.456481 0.076042 0.077778
2 0.298698 0.454630 0.081771 0.105556
0 0.136458 0.503704 0.106250 0.246296
3 0.816406 0.562037 0.044271 0.114815
0 0.619010 0.572222 0.107813 0.312963
0 0.815885 0.468056 0.047396 0.100926
3 0.610156 0.687037 0.086979 0.216667
2 0.059635 0.461574 0.107813 0.137963
3 0.440625 0.751389 0.095833 0.275000
3 0.137760 0.757870 0.115104 0.293519
0 0.441667 0.523611 0.107292 0.241667
4 0.371094 0.140278 0.115104 0.063889
