18 0.111719 0.941667 0.223438 0.116667
0 0.485677 0.466667 0.0234375 0.0925926
3 0.485156 0.484722 0.0234375 0.0675926
5 0.407813 0.413426 0.071875 0.126852
3 0.433333 0.501389 0.0270833 0.0712963
0 0.433073 0.477778 0.0286458 0.101852
2 0.658854 0.476389 0.0427083 0.0842593
2 0.570833 0.47963 0.05625 0.0981481
2 0.51276 0.460648 0.0473958 0.087963
2 0.817708 0.514352 0.0822917 0.149074
0 0.208333 0.515741 0.0510417 0.164815
2 0.614062 0.490278 0.0885417 0.115741
7 0.727604 0.47963 0.0802083 0.174074
10 0.328646 0.495833 0.116667 0.223148
3 0.202344 0.575463 0.0536458 0.121296
2 0.892708 0.555556 0.16875 0.22037
