3 0.610156 0.500000 0.055729 0.103704
3 0.563021 0.483796 0.022917 0.082407
3 0.464844 0.567130 0.038021 0.110185
0 0.026562 0.680556 0.051042 0.629630
0 0.466406 0.515278 0.040104 0.162037
3 0.971615 0.609259 0.056771 0.179630
3 0.791146 0.534259 0.062500 0.090741
10 0.704167 0.490278 0.058333 0.134259
3 0.426042 0.587963 0.041667 0.122222
0 0.748437 0.513889 0.033333 0.161111
0 0.837500 0.534722 0.037500 0.173148
0 0.508594 0.530093 0.059896 0.208333
3 0.898698 0.642130 0.108854 0.219444
0 0.373958 0.482407 0.025000 0.112963
0 0.902865 0.575926 0.092188 0.285185
3 0.505990 0.612500 0.055729 0.165741
0 0.427344 0.526852 0.047396 0.181481
