6 0.213281 0.421759 0.104688 0.099074
2 0.751563 0.436574 0.029167 0.039815
4 0.382812 0.254630 0.055208 0.046296
4 0.465104 0.262037 0.069792 0.061111
4 0.536719 0.260648 0.053646 0.050926
4 0.602344 0.261111 0.054688 0.051852
4 0.679167 0.263889 0.051042 0.053704
4 0.741667 0.269907 0.055208 0.049074
4 0.807552 0.268056 0.046354 0.036111
4 0.885677 0.272685 0.049479 0.047222
4 0.963542 0.275926 0.072917 0.037037
8 0.375521 0.373611 0.018750 0.030556
8 0.471615 0.368519 0.021354 0.033333
8 0.551042 0.369444 0.018750 0.027778
8 0.632812 0.371759 0.016667 0.036111
8 0.714323 0.366204 0.016146 0.028704
8 0.793750 0.370370 0.018750 0.037037
8 0.878125 0.367593 0.017708 0.031481
