2 0.867448 0.538889 0.046354 0.040741
3 0.187500 0.542130 0.036458 0.045370
0 0.315885 0.537963 0.017188 0.057407
10 0.242448 0.533796 0.036979 0.071296
3 0.675000 0.553241 0.013542 0.047222
0 0.452083 0.535185 0.012500 0.046296
2 0.512760 0.539352 0.032813 0.050926
0 0.816146 0.559259 0.029167 0.079630
3 0.816406 0.578704 0.027604 0.055556
0 0.492448 0.574074 0.041146 0.129630
7 0.073438 0.485648 0.143750 0.206481
3 0.492188 0.618056 0.033333 0.082407
0 0.269531 0.572222 0.043229 0.137037
6 0.373958 0.531944 0.083333 0.175000
3 0.267969 0.614815 0.042188 0.092593
2 0.941927 0.568981 0.095312 0.084259
