2 0.345313 0.541204 0.100000 0.250926
25 0.784115 0.669907 0.252604 0.043519
2 0.390625 0.530093 0.067708 0.206481
0 0.348698 0.551389 0.082812 0.267593
0 0.513542 0.495370 0.018750 0.077778
6 0.025781 0.490278 0.049479 0.310185
0 0.242188 0.490741 0.035417 0.125926
2 0.760417 0.510185 0.031250 0.048148
2 0.700000 0.513426 0.059375 0.097222
3 0.240104 0.532870 0.039583 0.080556
3 0.345052 0.643056 0.068229 0.186111
2 0.611719 0.567593 0.159896 0.272222
25 0.171094 0.638889 0.256771 0.059259
25 0.465625 0.656019 0.126042 0.054630
21 0.182552 0.485185 0.045312 0.088889
21 0.130208 0.493981 0.041667 0.076852
10 0.488021 0.502315 0.022917 0.063889
8 0.425781 0.435648 0.017188 0.037963
9 0.821354 0.233796 0.015625 0.089815
25 0.738542 0.598148 0.103125 0.020370
25 0.482552 0.582870 0.105729 0.023148
25 0.133854 0.559259 0.172917 0.027778
