0 0.440625 0.551389 0.009375 0.0361111
0 0.29974 0.594907 0.0192708 0.0583333
0 0.291667 0.593518 0.0145833 0.0611111
2 0.598437 0.566667 0.028125 0.0444444
0 0.401563 0.597222 0.0197917 0.0703704
3 0.401042 0.605556 0.01875 0.0555556
2 0.475521 0.551389 0.0260417 0.0305556
0 0.132552 0.631019 0.0203125 0.112037
0 0.159115 0.626852 0.0265625 0.125926
2 0.574219 0.580556 0.0317708 0.0555556
0 0.0778646 0.656018 0.0890625 0.29537
2 0.519271 0.575926 0.0395833 0.0574074
3 0.0708333 0.760185 0.084375 0.207407
10 0.347917 0.635185 0.0760417 0.168519
