22 0.022656 0.540741 0.044271 0.109259
0 0.512500 0.417593 0.020833 0.046296
0 0.328125 0.500926 0.038542 0.198148
0 0.442708 0.431481 0.042708 0.096296
3 0.443229 0.538426 0.047917 0.112037
2 0.573958 0.440741 0.042708 0.068519
2 0.879948 0.528704 0.222396 0.327778
22 0.381250 0.510648 0.075000 0.102778
24 0.486979 0.497685 0.011458 0.054630
24 0.508333 0.495833 0.011458 0.054630
24 0.527604 0.492130 0.011458 0.054630
22 0.102604 0.536574 0.104167 0.080556
22 0.204687 0.532407 0.087500 0.083333
22 0.280469 0.524074 0.052604 0.096296
