0 0.784375 0.473148 0.0425 0.1
0 0.94375 0.51713 0.0825 0.197222
7 0.438125 0.444907 0.0675 0.112037
2 0.340313 0.522222 0.140625 0.259259
0 0.46875 0.49213 0.05625 0.141667
3 0.875313 0.433796 0.020625 0.0527778
3 0.467187 0.5375 0.051875 0.115741
7 0.573438 0.40463 0.184375 0.205556
2 0.94125 0.706019 0.1175 0.587963
0 0.848125 0.521759 0.09625 0.237963
3 0.8525 0.596759 0.0925 0.206481
3 0.739688 0.72963 0.136875 0.322222
0 0.728437 0.593056 0.136875 0.343519
2 0.582812 0.542593 0.170625 0.244444
2 0.185625 0.688426 0.37125 0.534259
