10 0.435000 0.500000 0.052500 0.122222
2 0.605938 0.492593 0.079375 0.111111
0 0.527188 0.498148 0.021875 0.087037
0 0.135313 0.523611 0.024375 0.099074
2 0.697812 0.512037 0.041875 0.129630
0 0.464687 0.519444 0.043125 0.127778
2 0.285625 0.488426 0.047500 0.041667
0 0.545937 0.498611 0.020625 0.082407
0 0.322500 0.513426 0.032500 0.117593
0 0.019688 0.568519 0.038125 0.224074
0 0.108750 0.547222 0.038750 0.159259
0 0.914062 0.651852 0.114375 0.424074
3 0.463125 0.562037 0.043750 0.105556
0 0.056250 0.550463 0.041250 0.163889
10 0.784687 0.561574 0.141875 0.282407
