3 0.479167 0.604630 0.023958 0.057407
0 0.427083 0.608333 0.029167 0.092593
0 0.507552 0.608796 0.020313 0.069444
0 0.981250 0.637500 0.034375 0.108333
3 0.423958 0.618056 0.025000 0.060185
3 0.460677 0.621296 0.023438 0.081481
3 0.507031 0.614352 0.020313 0.058333
2 0.531510 0.576852 0.021354 0.033333
0 0.797656 0.613889 0.018229 0.088889
3 0.962240 0.671296 0.068229 0.090741
0 0.014844 0.686111 0.028646 0.262963
0 0.818750 0.627778 0.019792 0.125926
3 0.894792 0.648611 0.063542 0.076852
3 0.028646 0.788426 0.056250 0.249074
5 0.663542 0.579630 0.244792 0.412963
10 0.315625 0.750463 0.191667 0.387963
