3 0.182812 0.623148 0.0364583 0.0944444
10 0.319531 0.573611 0.0255208 0.0435185
2 0.415885 0.568519 0.0161458 0.0203704
0 0.182031 0.614352 0.0328125 0.108333
0 0.213802 0.658796 0.103646 0.14537
0 0.298958 0.593056 0.0229167 0.075
2 0.449479 0.5625 0.0208333 0.0324074
3 0.201562 0.857407 0.159375 0.281481
2 0.24375 0.602315 0.06875 0.0861111
4 0.322396 0.386111 0.107292 0.0462963
0 0.496354 0.586574 0.0125 0.0490741
2 0.584115 0.660648 0.0932292 0.175
0 0.533854 0.622685 0.0229167 0.125
5 0.0888021 0.560185 0.171354 0.248148
2 0.373177 0.634259 0.0942708 0.124074
2 0.75625 0.77037 0.29375 0.374074
