2 0.38875 0.455093 0.0275 0.0342593
0 0.736875 0.488426 0.01875 0.0787037
2 0.696563 0.487037 0.061875 0.101852
2 0.415 0.48287 0.05125 0.0731481
6 0.69625 0.485185 0.06125 0.101852
0 0.8875 0.486111 0.06 0.062963
0 0.801562 0.524074 0.105625 0.103704
3 0.545 0.481944 0.02375 0.0657407
3 0.428125 0.511111 0.0375 0.0740741
3 0.486875 0.512037 0.03 0.0833333
6 0.620625 0.508333 0.12125 0.159259
3 0.891875 0.587963 0.06875 0.133333
2 0.971563 0.489815 0.056875 0.0814815
3 0.789062 0.714815 0.158125 0.275926
2 0.253437 0.598611 0.239375 0.280556
