0 0.662188 0.476852 0.019375 0.05
2 0.09125 0.523148 0.13125 0.135185
2 0.414062 0.472685 0.043125 0.0490741
0 0.412187 0.473148 0.043125 0.0462963
6 0.71125 0.475463 0.0475 0.0657407
0 0.694062 0.480556 0.016875 0.062963
3 0.466875 0.474074 0.0175 0.0444444
5 0.88625 0.428241 0.22625 0.367593
0 0.878125 0.594444 0.2325 0.309259
0 0.252813 0.500463 0.031875 0.110185
9 0.283437 0.2375 0.029375 0.108333
2 0.229062 0.492593 0.061875 0.087037
3 0.496875 0.499074 0.0225 0.0611111
3 0.864688 0.881481 0.270625 0.237037
3 0.410625 0.543981 0.03625 0.0861111
2 0.587188 0.5375 0.124375 0.158333
