0 0.503750 0.502778 0.021250 0.081481
0 0.239063 0.506481 0.021875 0.068519
0 0.530312 0.482407 0.028125 0.027778
3 0.528125 0.525000 0.025000 0.057407
14 0.810937 0.486574 0.239375 0.323148
2 0.981250 0.586574 0.037500 0.247222
0 0.222500 0.506944 0.020000 0.075000
2 0.634375 0.517593 0.091250 0.114815
0 0.664062 0.509722 0.080625 0.075000
3 0.323437 0.556944 0.036875 0.087963
0 0.324688 0.487963 0.043125 0.051852
2 0.569688 0.493519 0.041875 0.046296
2 0.143750 0.521759 0.076250 0.087963
3 0.664687 0.643056 0.084375 0.200926
2 0.066562 0.530093 0.123125 0.119444
2 0.439688 0.571296 0.151875 0.216667
