2 0.348437 0.441204 0.108333 0.0694444
5 0.142969 0.422685 0.114063 0.265741
6 0.227083 0.42037 0.0697917 0.175926
5 0.0622396 0.397685 0.119271 0.421296
3 0.619792 0.575463 0.0322917 0.0972222
3 0.132812 0.568056 0.0395833 0.115741
2 0.45625 0.4375 0.0458333 0.0527778
0 0.129167 0.524074 0.046875 0.185185
0 0.497656 0.505556 0.0411458 0.164815
0 0.623438 0.522222 0.046875 0.174074
2 0.605469 0.451852 0.0401042 0.0722222
5 0.227083 0.42037 0.0697917 0.174074
0 0.568229 0.528241 0.053125 0.206481
0 0.0934896 0.536574 0.0546875 0.20463
3 0.691667 0.842593 0.134375 0.285185
0 0.882812 0.526852 0.04375 0.166667
3 0.882292 0.578704 0.0395833 0.107407
0 0.786719 0.558796 0.0640625 0.228704
3 0.792188 0.640741 0.0645833 0.181481
0 0.689323 0.66713 0.142188 0.441667
3 0.570573 0.610185 0.0578125 0.148148
3 0.0924479 0.603704 0.0578125 0.144444
2 0.369792 0.676852 0.315625 0.446296
