18 0.655208 0.746296 0.0760417 0.05
2 0.378385 0.547222 0.0338542 0.0611111
2 0.578125 0.541667 0.046875 0.109259
7 0.528125 0.451389 0.109375 0.167593
7 0.11224 0.459259 0.222396 0.324074
0 0.851562 0.554167 0.0395833 0.139815
2 0.803906 0.53287 0.0411458 0.037963
2 0.941406 0.527778 0.0828125 0.0740741
3 0.84974 0.596759 0.0359375 0.0898148
7 0.239323 0.563426 0.206771 0.465741
0 0.53776 0.610185 0.105729 0.32037
3 0.540625 0.726389 0.0864583 0.237963
10 0.444792 0.550463 0.0927083 0.20463
2 0.65026 0.563426 0.103646 0.15463
7 0.738542 0.499537 0.0989583 0.206481
