3 0.948438 0.859722 0.100000 0.280556
8 0.657813 0.310648 0.031250 0.062037
3 0.403906 0.454167 0.020313 0.058333
23 0.569010 0.588889 0.204687 0.044444
3 0.361719 0.456944 0.056771 0.062037
8 0.616927 0.338889 0.025521 0.037037
0 0.209115 0.524537 0.048438 0.236111
0 0.955990 0.659259 0.088021 0.566667
0 0.044010 0.547222 0.076563 0.292593
3 0.026042 0.611574 0.051042 0.176852
3 0.124740 0.546296 0.081771 0.111111
0 0.279167 0.463426 0.028125 0.119444
0 0.446094 0.500926 0.067187 0.229630
3 0.441667 0.601852 0.057292 0.159259
23 0.328125 0.585648 0.172917 0.039815
