0 0.972135 0.528704 0.032813 0.129630
3 0.260156 0.594907 0.047396 0.117593
3 0.451042 0.517593 0.023958 0.062963
0 0.448177 0.490741 0.021354 0.114815
3 0.378385 0.531481 0.028646 0.072222
3 0.485677 0.553241 0.033854 0.080556
0 0.488802 0.518981 0.035937 0.134259
3 0.236719 0.617593 0.081771 0.142593
0 0.377344 0.509259 0.030729 0.111111
3 0.165104 0.650926 0.098958 0.168519
0 0.340365 0.524537 0.022396 0.117593
0 0.290104 0.542130 0.035417 0.156481
0 0.533073 0.507407 0.022396 0.085185
10 0.066667 0.648148 0.132292 0.479630
0 0.567708 0.492130 0.012500 0.054630
0 0.416927 0.528241 0.033854 0.149074
10 0.696354 0.573611 0.102083 0.230556
10 0.705990 0.542130 0.198437 0.191667
