10 0.819531 0.493981 0.0390625 0.0657407
10 0.882292 0.496759 0.0395833 0.0694444
6 0.0244792 0.418519 0.0489583 0.103704
3 0.315625 0.45787 0.015625 0.0509259
2 0.280469 0.434259 0.0328125 0.0314815
2 0.770833 0.502778 0.0489583 0.0685185
2 0.0203125 0.429167 0.0395833 0.0935185
14 0.128646 0.400926 0.096875 0.161111
2 0.601823 0.469907 0.0182292 0.0324074
0 0.848958 0.501852 0.0135417 0.0592593
5 0.719531 0.441204 0.116146 0.187963
10 0.425521 0.469907 0.0489583 0.102778
2 0.565104 0.474537 0.0572917 0.0972222
10 0.4875 0.500463 0.0791667 0.175
2 0.940104 0.526852 0.119792 0.153704
