2 0.128906 0.533796 0.0161458 0.0268519
0 0.0208333 0.547222 0.0416667 0.262963
7 0.43776 0.381019 0.133854 0.132407
0 0.109115 0.550463 0.0182292 0.0657407
0 0.219531 0.515278 0.0567708 0.158333
3 0.109375 0.559722 0.0177083 0.0509259
10 0.174479 0.543519 0.034375 0.0666667
7 0.692708 0.475 0.113542 0.109259
0 0.0648438 0.547222 0.0380208 0.187037
2 0.273958 0.541204 0.0729167 0.150926
3 0.0164062 0.6375 0.0328125 0.171296
3 0.219792 0.613889 0.0583333 0.153704
2 0.638542 0.550926 0.0895833 0.109259
2 0.896094 0.590278 0.206771 0.413889
2 0.44974 0.566204 0.175521 0.284259
