0 0.0588542 0.67037 0.117708 0.548148
2 0.438802 0.487963 0.0526042 0.111111
9 0.444531 0.288889 0.0401042 0.109259
9 0.505729 0.129167 0.0645833 0.0435185
0 0.561719 0.553241 0.151562 0.308333
0 0.379167 0.456019 0.0385417 0.0990741
2 0.26276 0.412037 0.0390625 0.0481481
2 0.183594 0.417593 0.133854 0.0740741
2 0.785417 0.693519 0.422917 0.598148
8 0.666927 0.3125 0.0453125 0.0842593
0 0.108333 0.685648 0.16875 0.606481
3 0.101302 0.827778 0.198437 0.338889
2 0.276563 0.690278 0.305208 0.580556
