5 0.664844 0.402315 0.104687 0.117593
3 0.697396 0.457407 0.0177083 0.0685185
0 0.707031 0.462037 0.0286458 0.0777778
3 0.442969 0.439352 0.0223958 0.0731481
0 0.697656 0.456944 0.0171875 0.0675926
3 0.840104 0.506944 0.0583333 0.0694444
10 0.417188 0.426389 0.0479167 0.0842593
3 0.715104 0.497222 0.028125 0.0851852
0 0.442969 0.439352 0.0223958 0.0768519
0 0.754687 0.465741 0.01875 0.0944444
0 0.715104 0.473611 0.028125 0.112037
0 0.746354 0.467593 0.021875 0.0907407
2 0.545573 0.41713 0.0651042 0.0527778
0 0.265104 0.426389 0.0177083 0.0861111
0 0.24349 0.424537 0.0171875 0.0861111
0 0.476562 0.430093 0.01875 0.0787037
0 0.909635 0.5875 0.0765625 0.250926
3 0.911719 0.660185 0.0713542 0.207407
