2 0.812760 0.497222 0.049479 0.075926
10 0.448958 0.491667 0.092708 0.179630
0 0.835938 0.555093 0.036458 0.156481
10 0.483333 0.500463 0.059375 0.165741
10 0.693229 0.513426 0.082292 0.208333
2 0.633073 0.512963 0.058854 0.161111
2 0.832031 0.489815 0.045312 0.072222
3 0.960938 0.539815 0.058333 0.070370
10 0.147396 0.625463 0.289583 0.732407
0 0.926042 0.511574 0.021875 0.110185
0 0.528906 0.514352 0.058854 0.199074
0 0.722656 0.529630 0.072396 0.229630
0 0.863542 0.535648 0.037500 0.180556
3 0.525521 0.578241 0.052083 0.143519
3 0.394531 0.691667 0.093229 0.287037
3 0.727344 0.614815 0.066146 0.168519
0 0.394792 0.572685 0.108333 0.343519
