10 0.266146 0.595833 0.180208 0.482407
0 0.882552 0.537037 0.046354 0.114815
3 0.881510 0.545833 0.047396 0.106481
0 0.155208 0.684259 0.173958 0.588889
3 0.156510 0.840278 0.256771 0.317593
0 0.729948 0.499074 0.039062 0.135185
0 0.578125 0.463889 0.027083 0.075926
3 0.727604 0.533796 0.037500 0.089815
10 0.487760 0.531019 0.125521 0.275000
21 0.948177 0.505556 0.079687 0.129630
10 0.412760 0.501852 0.048438 0.220370
6 0.376563 0.486111 0.057292 0.187037
5 0.276562 0.342593 0.145833 0.070370
3 0.577604 0.495833 0.034375 0.060185
0 0.880208 0.501389 0.025000 0.134259
1 0.653125 0.495833 0.056250 0.099074
