10 0.956250 0.471296 0.087500 0.188889
3 0.372656 0.460185 0.020313 0.077778
0 0.373177 0.456481 0.020313 0.085185
0 0.073177 0.483796 0.042188 0.119444
2 0.330729 0.413426 0.026042 0.034259
3 0.411979 0.499074 0.028125 0.079630
0 0.103906 0.437037 0.016146 0.066667
0 0.411458 0.473148 0.030208 0.114815
2 0.037240 0.511574 0.073438 0.165741
7 0.186979 0.370833 0.143750 0.258333
2 0.206250 0.518519 0.140625 0.166667
2 0.313021 0.492593 0.083333 0.120370
7 0.723958 0.406944 0.336458 0.671296
2 0.505729 0.505093 0.097917 0.156481
5 0.276823 0.392130 0.034896 0.089815
7 0.934635 0.324074 0.071354 0.107407
24 0.087500 0.583333 0.031250 0.148148
25 0.342708 0.652778 0.467708 0.046296
25 0.928906 0.652778 0.142187 0.031481
