0 0.914062 0.418056 0.029375 0.0583333
2 0.595937 0.510648 0.024375 0.062037
10 0.0903125 0.544907 0.085625 0.121296
2 0.40875 0.477778 0.025 0.0333333
0 0.595312 0.509722 0.024375 0.0583333
2 0.0890625 0.546759 0.094375 0.117593
0 0.985 0.503704 0.03 0.274074
0 0.464375 0.501852 0.0225 0.0666667
3 0.464375 0.504167 0.0225 0.062037
0 0.336563 0.512963 0.021875 0.0703704
3 0.251875 0.557407 0.02875 0.0574074
0 0.617813 0.533333 0.028125 0.146296
0 0.506875 0.49213 0.015 0.0527778
0 0.179375 0.535648 0.0275 0.100926
0 0.252187 0.534722 0.030625 0.0898148
2 0.04375 0.652315 0.0875 0.391667
0 0.2925 0.527315 0.03375 0.106481
3 0.294375 0.555093 0.03375 0.0694444
10 0.725625 0.524537 0.09875 0.160185
0 0.635312 0.53287 0.034375 0.150926
0 0.148125 0.540278 0.03 0.106481
0 0.207813 0.533796 0.029375 0.102778
2 0.55 0.493519 0.05 0.0592593
0 0.665625 0.530556 0.03375 0.151852
3 0.821875 0.613889 0.1625 0.146296
