0 0.097135 0.687037 0.075521 0.131481
0 0.210938 0.606481 0.041667 0.092593
0 0.105729 0.626852 0.039583 0.159259
0 0.731771 0.631481 0.042708 0.146296
3 0.947396 0.751852 0.105208 0.216667
2 0.360156 0.584259 0.024479 0.061111
0 0.692969 0.604167 0.029687 0.112037
3 0.097396 0.687963 0.077083 0.127778
0 0.330469 0.573611 0.028646 0.054630
3 0.732812 0.658333 0.047917 0.135185
0 0.236198 0.666667 0.038021 0.196296
0 0.936198 0.676852 0.041146 0.242593
0 0.276823 0.575000 0.027604 0.051852
3 0.330469 0.645833 0.035937 0.093519
3 0.273438 0.618981 0.023958 0.054630
3 0.033073 0.884259 0.065104 0.220370
2 0.494010 0.577778 0.032813 0.057407
3 0.209896 0.737963 0.085417 0.203704
7 0.423698 0.574537 0.110937 0.237963
2 0.614323 0.765741 0.253646 0.388889
