2 0.441927 0.593518 0.0223958 0.037037
2 0.602083 0.630093 0.0614583 0.130556
3 0.972396 0.643056 0.0552083 0.108333
2 0.0445312 0.597685 0.0734375 0.062037
0 0.473698 0.620833 0.0359375 0.10463
2 0.494792 0.585648 0.0197917 0.0305556
2 0.11224 0.611574 0.0713542 0.075
0 0.417188 0.678704 0.103125 0.201852
2 0.561198 0.614352 0.0369792 0.075
3 0.473958 0.678704 0.034375 0.109259
3 0.417969 0.85463 0.122396 0.287037
0 0.634896 0.711574 0.0583333 0.287963
7 0.284635 0.57037 0.281771 0.464815
2 0.779427 0.714352 0.283854 0.332407
