6 0.374219 0.595370 0.090104 0.079630
2 0.618490 0.619444 0.056771 0.046296
24 0.637760 0.643519 0.005729 0.044444
24 0.551302 0.640741 0.009896 0.050000
24 0.505469 0.638889 0.008854 0.059259
24 0.405208 0.642130 0.007292 0.052778
24 0.358594 0.643981 0.006771 0.065741
24 0.304948 0.646296 0.004687 0.064815
24 0.257031 0.645370 0.011979 0.057407
24 0.212500 0.671296 0.016667 0.079630
24 0.153906 0.706944 0.014063 0.115741
24 0.045312 0.712963 0.022917 0.122222
24 0.073698 0.668056 0.014063 0.076852
