2 0.421563 0.499074 0.030625 0.051852
8 0.293125 0.345370 0.067500 0.100000
8 0.405313 0.415278 0.034375 0.049074
7 0.113750 0.477315 0.057500 0.132407
6 0.046562 0.552778 0.091875 0.185185
2 0.694688 0.519444 0.045625 0.064815
7 0.502500 0.486111 0.062500 0.116667
2 0.361875 0.509259 0.045000 0.062963
2 0.546562 0.506019 0.031875 0.049074
0 0.625625 0.532407 0.106250 0.098148
2 0.184375 0.542593 0.076250 0.096296
0 0.906563 0.574074 0.034375 0.137037
2 0.269062 0.526852 0.058125 0.066667
3 0.625938 0.720370 0.108125 0.233333
