0 0.530937 0.505556 0.031875 0.046296
0 0.808125 0.593519 0.042500 0.162963
3 0.915937 0.625926 0.089375 0.172222
0 0.706562 0.581019 0.031875 0.165741
0 0.967812 0.526852 0.039375 0.109259
3 0.480625 0.572685 0.045000 0.099074
0 0.585938 0.548148 0.026875 0.127778
0 0.630625 0.541204 0.035000 0.136111
0 0.986250 0.643519 0.027500 0.275926
0 0.732812 0.577778 0.044375 0.172222
0 0.844688 0.618519 0.040625 0.251852
3 0.528438 0.604630 0.043125 0.118519
5 0.291563 0.472685 0.063125 0.178704
10 0.375937 0.558796 0.100625 0.204630
