2 0.852500 0.585185 0.126250 0.227778
23 0.749687 0.657870 0.105625 0.063889
3 0.563125 0.532870 0.023750 0.065741
23 0.348438 0.657407 0.124375 0.055556
23 0.534687 0.654167 0.124375 0.060185
2 0.710625 0.496296 0.067500 0.051852
2 0.773750 0.498611 0.060000 0.047222
3 0.513125 0.537963 0.032500 0.083333
0 0.598125 0.506481 0.057500 0.055556
3 0.107813 0.862500 0.214375 0.269444
0 0.449688 0.532407 0.093125 0.098148
3 0.600000 0.600926 0.053750 0.135185
0 0.108125 0.617130 0.208750 0.223148
3 0.247500 0.653704 0.087500 0.177778
3 0.441563 0.687037 0.079375 0.211111
0 0.246875 0.525000 0.082500 0.083333
5 0.311250 0.498148 0.145000 0.225926
0 0.654687 0.542130 0.096875 0.113889
10 0.912500 0.725000 0.173750 0.512963
3 0.657813 0.720370 0.094375 0.242593
