7 0.03375 0.421759 0.0675 0.132407
0 0.7875 0.515741 0.0225 0.0814815
6 0.510938 0.469907 0.038125 0.0546296
3 0.963437 0.702778 0.068125 0.227778
0 0.978125 0.552315 0.0425 0.128704
0 0.73625 0.488889 0.04375 0.0481481
3 0.77125 0.537963 0.03 0.0888889
0 0.85 0.50463 0.07625 0.0759259
0 0.618438 0.493519 0.051875 0.0555556
3 0.657188 0.521759 0.029375 0.0731481
2 0.94125 0.532407 0.1025 0.0925926
6 0.565938 0.500926 0.081875 0.15
3 0.737188 0.561574 0.049375 0.10463
2 0.468125 0.49213 0.05375 0.0731481
3 0.854062 0.620833 0.083125 0.156481
7 0.236563 0.465741 0.223125 0.37037
3 0.619687 0.584722 0.054375 0.125
2 0.34625 0.65463 0.28 0.353704
